750
56
412
584
501 503
432 487
709 710
891 903
876 930
330 345
313
256 402
833 835
802
575
970
138 231
387
332
778
340
973 12
415 438
38
735 740
609 622
580 599
855
255
247
401 413
198 226
596
567
23
929 960
582 590
236 270
881 912
55 59
128 143
821
921
365 373
324 363
408 409
320
102 123
803
579 585
494 537
124 146
743
73
931
750 783
512 558
551
817 846
939
526
156 157
10 26
659 673
136
474 528
399 419
827
300
754
298
11
800 832
716 726
850
899
461 475
847 861
915 937
297 321
65 76
305
407 414
416
888
702
348
611
741
219
27 88
589 618
712
908
391
744 796
982 993
991 8
889
288 338
163 168
896
936
455 482
769 774
111
15 20
424 444
874
460
823
844
151 165
367
662 675
607 608
834 838
196
436
615 619
450
81
462
707
808 858
206 214
381
848
785
901 904
941 946
733
364
473
360
566 573
215 246
209
777
812
629
543 581
197
60
9
469 471
465 478
40 80
162 169
287
372 392
815
350 355
588
572 583
304 307
463
727
613
182 188
93 115
153 195
158 161
763 805
262 263
155 200
753 758
906
48
935
595 651
878
852
95 96
839
178
279
704
410 422
133 137
349
814 837
682
536
309
644
114 118
845
623
502
830
594
241
570
951
742
406
446
443 490
89
924
261
884 898
784
654
865
669
968 974
45
760 794
229
576
560
216
468
126 160
887
559
831
496 523
799
167
4
516
605
964
849
6 18
860
894 995
64 68
730
736
316
701 703
189
724
201
121
52 72
199 273
787
421
376 394
617 620
841 853
598 600
41
433
34
470 511
228
328
393
922
729
746
106
958 967
251
636 637
283
732
504
522 524
756
423
185 191
51 108
979 0
768
145
542 548
260
92
250 266
514
222
480
663
873 885
643 653
910 928
139
550
99 130
451
745
98
347
907
688
711 715
986
271 280
265
70
224 248
105 150
275
552 586
53 54
378
695 737
977 988
484 498
880
78
286
103
765 770
661 795
290 336
997
864
820
109
801 825
612 625
521 553
94 91
368 383
371 388
984 49
945 980
836
225
179
905
13
606
230
497
190 207
507
28
456
67 101
518 525
616
75
389
700 752
698 717
302
472
725
481 513
759 789
2 46
467
129 134
879 920
545 577
779
963
7
117 175
499
723
627
58 66
457
267
692
274
318 327
71 116
926
564 568
722
978
243 386
947 953
289 339
245
148
411
257 269
738
634 635
965 996
447 458
840 856
718
254
181
22
775
441
679
242 249
721 797
670 714
396
227 244
173 252
202
728
961 981
149
546
404
370
159
816 871
793 806
757
788 883
310 395
234 238
319
539
508
574
544 674
127
217
47 61
144 147
565
648
509
557
681 689
353 375
913
638
706
824 828
119 131
334
356
933
683 685
990 36
452 454
697 705
949 957
382 405
520
867
767
489
293
25
602
762 782
361
277
624 664
311
87
218 223
943 952
272
301
437 459
166
942
152 180
187
773 781
335 337
969
517 563
294
141
994
918 919
390 428
3
601 628
211
925
569
645
208
488
811
886
708
417 466
819
658
857 866
21
203
125
24
761
352
668 676
678
747
299
927 934
677
435
268
464 529
329
972
699 749
900
418 427
237 264
31 44
755
184
69 86
430
333
751 813
882 911
500
647
561
650
641
992
719
962
331 359
826
100
74
923
932 956
90
314
649
37 57
183 204
630 631
890
493
632 633
296
479
50
210
771
82 85
193
902 916
829
720 731
519
235
343 384
510 535
868 897
154
483
672
665 686
690
976
642
680
985 999
646
660 666
79 84
549
766
492 495
950
397
657 684
259 285
312
954
171 172
291 295
610
366 385
113
562 571
398 403
859
379
851
341 344
862 872
614
176
506
132
5
426 434
739
233
358
35
445 449
875
240
854
30 32
354
983
177
485
186
276
97 104
486
987
621
292
810 818
914
1
534 547
944
555
532
877
476 527
14
43
122
671
776
303
282
83
948
346
540
791
342
425
792
998
142
655
374
205
809
351
491
893
626
798 892
895
420
442
239
19
477
140
505
63
194
439
909 940
667
326
429
604
713
306 322
870
531
232
317
357
278
734
917
400
748
42
284
597
33
790
533
431
556
212
107
448
220
640
538
863
693
213
869
453
843
966
315
975
369
112
554
281
221 253
323
135
39
786
164
780
955
764
603 696
694
258
656
77
170
530
772
652
592
842
377
62
16
938
110
593
362
440
807
541
578 587
174
120
325
308
515
959
971
989
822
687
380
639
591
192
804
691
17
29
